0.000 
0.050 
0.099 
0.147 
0.195 
0.243 
0.290 
0.336 
0.383 
0.428 
0.474 
0.518 
0.563 
0.607 
0.650 
0.693 
0.736 
0.778 
0.820 
0.861 
0.902 
0.943 
0.983 
1.023 
1.062 
1.101 
1.140 
1.178 
1.216 
1.253 
1.290 
1.327 
1.363 
1.399 
1.435 
1.470 
1.505 
1.540 
1.574 
1.608 
1.642 
1.675 
1.708 
1.741 
1.773 
1.805 
1.836 
1.868 
1.899 
1.929 
1.960 
1.990 
2.020 
2.049 
2.078 
2.107 
2.136 
2.164 
2.192 
2.220 
2.248 
2.275 
2.302 
2.329 
2.355 
2.381 
2.407 
2.433 
2.458 
2.484 
2.508 
2.533 
2.558 
2.582 
2.606 
2.629 
2.653 
2.676 
2.699 
2.722 
2.744 
2.767 
2.789 
2.811 
2.832 
2.854 
2.875 
2.896 
2.917 
2.938 
2.958 
2.978 
2.998 
3.018 
3.038 
3.057 
3.076 
3.095 
3.114 
3.133 
3.151 
3.170 
3.188 
3.206 
3.224 
3.241 
3.259 
3.276 
3.293 
3.310 
3.327 
3.343 
3.360 
3.376 
3.392 
3.408 
3.424 
3.439 
3.455 
3.470 
3.485 
3.500 
3.515 
3.530 
3.544 
3.559 
3.573 
3.587 
3.601 
3.615 
3.629 
3.642 
3.656 
3.669 
3.682 
3.695 
3.708 
3.721 
3.733 
3.746 
3.758 
3.771 
3.783 
3.795 
3.807 
3.819 
3.830 
3.842 
3.853 
3.865 
3.876 
3.887 
3.898 
3.909 
3.920 
3.931 
3.941 
3.952 
3.962 
3.972 
3.982 
3.993 
4.003 
4.012 
4.022 
4.032 
4.041 
4.051 
4.060 
4.070 
4.079 
4.088 
4.097 
4.106 
4.115 
4.124 
4.132 
4.141 
4.149 
4.158 
4.166 
4.174 
4.183 
4.191 
4.199 
4.207 
4.214 
4.222 
4.230 
4.238 
4.245 
4.253 
4.260 
4.267 
4.275 
4.282 
4.289 
4.296 
4.303 
4.310 
4.317 
4.323 
4.330 
4.337 
4.343 
4.350 
4.356 
4.363 
4.369 
4.375 
4.381 
4.387 
4.393 
4.399 
4.405 
4.411 
4.417 
4.423 
4.429 
4.434 
4.440 
4.445 
4.451 
4.456 
4.462 
4.467 
4.472 
4.478 
4.483 
4.488 
4.493 
4.498 
4.503 
4.508 
4.513 
4.518 
4.522 
4.527 
4.532 
4.536 
4.541 
4.546 
4.550 
4.554 
4.559 
4.563 
4.568 
4.572 
4.576 
4.580 
4.584 
4.589 
4.593 
4.597 
4.601 
4.605 
4.609 
4.612 
4.616 
4.620 
4.624 
4.628 
4.631 
4.635 
4.638 
4.642 
4.646 
4.649 
4.653 
4.656 
4.659 
4.663 
4.666 
4.669 
4.673 
4.676 
4.679 
4.682 
4.685 
4.689 
4.692 
4.695 
4.698 
4.701 
4.704 
4.707 
4.710 
4.712 
4.715 
4.718 
4.721 
4.724 
4.726 
4.729 
4.732 
4.734 
4.737 
4.740 
4.742 
4.745 
4.747 
4.750 
4.752 
4.755 
4.757 
4.760 
4.762 
4.764 
4.767 
4.769 
4.771 
4.774 
4.776 
4.778 
4.780 
4.782 
4.785 
4.787 
4.789 
4.791 
4.793 
4.795 
4.797 
4.799 
4.801 
4.803 
4.805 
4.807 
4.809 
4.811 
4.813 
4.814 
4.816 
4.818 
4.820 
4.822 
4.823 
4.825 
4.827 
4.829 
4.830 
4.832 
4.834 
4.835 
4.837 
4.839 
4.840 
4.842 
4.843 
4.845 
4.846 
4.848 
4.849 
4.851 
4.852 
4.854 
4.855 
4.857 
4.858 
4.860 
4.861 
4.862 
4.864 
4.865 
4.866 
4.868 
4.869 
4.870 
4.872 
4.873 
4.874 
4.875 
4.877 
4.878 
4.879 
4.880 
4.881 
4.883 
4.884 
4.885 
4.886 
4.887 
4.888 
4.889 
4.890 
4.892 
4.893 
4.894 
4.895 
4.896 
4.897 
4.898 
4.899 
4.900 
4.901 
4.902 
4.903 
4.904 
4.905 
4.906 
4.907 
4.908 
4.908 
4.909 
4.910 
4.911 
4.912 
4.913 
4.914 
4.915 
4.915 
4.916 
4.917 
4.918 
4.919 
4.920 
4.920 
4.921 
4.922 
4.923 
4.923 
4.924 
4.925 
4.926 
4.926 
4.927 
4.928 
4.929 
4.929 
4.930 
4.931 
4.931 
4.932 
4.933 
4.933 
4.934 
4.935 
4.935 
4.936 
4.937 
4.937 
4.938 
4.938 
4.939 
4.940 
4.940 
4.941 
4.941 
4.942 
4.943 
4.943 
4.944 
4.944 
4.945 
4.945 
4.946 
4.946 
4.947 
4.948 
4.948 
4.949 
4.949 
4.950 
4.950 
4.951 
4.951 
4.952 
4.952 
4.953 
4.953 
4.953 
4.954 
4.954 
4.955 
4.955 
4.956 
4.956 
4.957 
4.957 
4.957 
4.958 
4.958 
4.959 
4.959 
4.960 
4.960 
4.960 
4.961 
4.961 
4.961 
4.962 
4.962 
4.963 
4.963 
4.963 
4.964 
4.964 
4.964 
4.965 
4.965 
4.965 
4.966 
4.966 
4.966 
4.967 
4.967 
4.967 
4.968 
4.968 
4.968 
4.969 
4.969 
4.969 
4.970 
4.970 
4.970 
4.971 
4.971 
4.971 
4.971 
4.972 
4.972 
4.972 
4.973 
4.973 
4.973 
4.973 
4.974 
4.974 
4.974 
4.974 
4.975 
4.975 
4.975 
4.975 
4.976 
4.976 
4.976 
4.976 
4.977 
4.977 
4.977 
4.977 
4.977 
4.978 
4.978 
4.978 
4.978 
4.979 
4.979 
4.979 
4.979 
4.979 
4.980 
4.980 
4.980 
4.980 
4.980 
4.981 
4.981 
4.981 
4.981 
4.981 
4.982 
4.982 
4.982 
4.982 
4.982 
4.982 
4.983 
4.983 
4.983 
4.983 
4.983 
4.983 
4.984 
4.984 
4.984 
4.984 
4.984 
4.984 
4.985 
4.985 
4.985 
4.985 
4.985 
4.985 
4.985 
4.986 
4.986 
4.986 
4.986 
4.986 
4.986 
4.986 
4.987 
4.987 
4.987 
4.987 
4.987 
4.987 
4.987 
4.987 
4.988 
4.988 
4.988 
4.988 
4.988 
4.988 
4.988 
4.988 
4.989 
4.989 
4.989 
4.989 
4.989 
4.989 
4.989 
4.989 
4.989 
4.990 
4.990 
4.990 
4.990 
4.990 
4.990 
4.990 
4.990 
4.990 
4.990 
4.991 
4.991 
4.991 
4.991 
4.991 
4.991 
4.991 
4.991 
4.991 
4.991 
4.991 
4.992 
4.992 
4.992 
4.992 
4.992 
4.992 
4.992 
4.992 
4.992 
4.992 
4.992 
4.992 
4.992 
4.993 
4.993 
4.993 
4.993 
4.993 
4.993 
4.993 
4.993 
4.993 
4.993 
4.993 
4.993 
4.993 
4.993 
4.994 
4.994 
4.994 
4.994 
4.994 
4.994 
4.994 
4.994 
4.994 
4.994 
4.994 
4.994 
4.994 
4.994 
4.994 
4.994 
4.994 
4.995 
4.995 
4.995 
4.995 
4.995 
4.995 
4.995 
4.995 
4.995 
4.995 
4.995 
4.995 
4.995 
4.995 
4.995 
4.995 
4.995 
4.995 
4.995 
4.995 
4.996 
4.996 
4.996 
4.996 
4.996 
4.996 
4.996 
4.996 
4.996 
4.996 
4.996 
4.996 
4.996 
4.996 
4.996 
4.996 
4.996 
4.996 
4.996 
4.996 
4.996 
4.996 
4.996 
4.996 
4.996 
4.996 
4.997 
4.997 
4.997 
4.997 
4.997 
4.997 
4.997 
4.997 
4.997 
4.997 
4.997 
4.997 
4.997 
4.997 
4.997 
4.997 
4.997 
4.997 
4.997 
4.997 
4.997 
4.997 
4.997 
4.997 
4.997 
4.997 
4.997 
4.997 
4.997 
4.997 
4.997 
4.997 
4.997 
4.998 
4.998 
4.998 
4.998 
4.998 
4.998 
4.998 
4.998 
4.998 
4.998 
4.998 
4.998 
4.998 
4.998 
4.998 
4.998 
4.998 
4.998 
4.998 
4.998 
4.998 
4.998 
4.998 
4.998 
4.998 
4.998 
4.998 
4.998 
4.998 
4.998 
4.998 
4.998 
4.998 
4.998 
4.998 
4.998 
4.998 
4.998 
4.998 
4.998 
4.998 
4.998 
4.998 
4.998 
4.998 
4.998 
4.998 
4.998 
4.998 
4.998 
4.998 
4.998 
4.999 
4.999 
4.999 
4.999 
4.999 
4.999 
4.999 
4.999 
4.999 
4.999 
4.999 
4.999 
4.999 
4.999 
4.999 
4.999 
4.999 
4.999 
4.999 
4.999 
4.999 
4.999 
4.999 
4.999 
4.999 
4.999 
4.999 
4.999 
4.999 
4.999 
4.999 
4.999 
4.999 
4.999 
4.999 
4.999 
4.999 
4.999 
4.999 
4.999 
